Map from character to field name
A:	Australia
B:	Greece
C:	Guam
D:	Hong Kong
E:	Nepal
F:	Puerto Rico
G:	Taiwan
H:	USA
I:	?


Substitution rate (mu): 292.030291

Equilibrium frequencies (pi_i):
  A: 0.0906
  B: 0.1174
  C: 0.1272
  D: 0.1347
  E: 0.1209
  F: 0.1174
  G: 0.1142
  H: 0.1775

Symmetrized rates from j->i (W_ij):
	A	B	C	D	E	F	G	H
  A	0	0.9414	0.9361	1.4089	0.9968	0.8726	0.9183	4.3243
  B	0.9414	0	0.8736	0.8747	0.8722	0.8678	0.873	1.3178
  C	0.9361	0.8736	0	1.2283	0.8746	0.8715	0.9038	1.1034
  D	1.4089	0.8747	1.2283	0	0.8757	0.872	0.9078	1.1481
  E	0.9968	0.8722	0.8746	0.8757	0	0.867	0.8735	1.2032
  F	0.8726	0.8678	0.8715	0.872	0.867	0	0.8711	1.3169
  G	0.9183	0.873	0.9038	0.9078	0.8735	0.8711	0	1.378
  H	4.3243	1.3178	1.1034	1.1481	1.2032	1.3169	1.378	0

Actual rates from j->i (Q_ij):
	A	B	C	D	E	F	G	H
  A	0	0.0853	0.0848	0.1277	0.0903	0.0791	0.0832	0.3919
  B	0.1105	0	0.1026	0.1027	0.1024	0.1019	0.1025	0.1547
  C	0.119	0.1111	0	0.1562	0.1112	0.1108	0.1149	0.1403
  D	0.1897	0.1178	0.1654	0	0.1179	0.1174	0.1223	0.1546
  E	0.1205	0.1055	0.1058	0.1059	0	0.1048	0.1056	0.1455
  F	0.1025	0.1019	0.1024	0.1024	0.1018	0	0.1023	0.1547
  G	0.1049	0.0997	0.1032	0.1037	0.0998	0.0995	0	0.1574
  H	0.7677	0.2339	0.1959	0.2038	0.2136	0.2338	0.2446	0
