{
  "generated_by": {
    "program": "augur",
    "version": "7.0.2"
  },
  "models": {
    "country": {
      "alphabet": [
        "Australia",
        "Greece",
        "Guam",
        "Hong Kong",
        "Nepal",
        "Puerto Rico",
        "Taiwan",
        "USA",
        "?"
      ],
      "equilibrium_probabilities": [
        0.08422064178325485,
        0.12059771420546282,
        0.12973450052062202,
        0.134495469414914,
        0.12520582042804138,
        0.1210586654953229,
        0.11710887281430987,
        0.16757831533807224
      ],
      "rate": 299.39311921792216,
      "transition_matrix": [
        [
          0.0,
          1.0331412528706534,
          0.9991730849759352,
          1.486878224852095,
          1.1664837302398703,
          0.9700496863767732,
          0.9618498876720267,
          4.7885394843616575
        ],
        [
          1.0331412528706534,
          0.0,
          0.8891169105299068,
          0.8911015307842937,
          0.8882917697547039,
          0.8828830740545853,
          0.8890456978732216,
          1.2585156314553536
        ],
        [
          0.9991730849759352,
          0.8891169105299068,
          0.0,
          1.257193038626363,
          0.8900273770941446,
          0.8863420567937663,
          0.9218495406191455,
          1.0588424858008212
        ],
        [
          1.486878224852095,
          0.8911015307842937,
          1.257193038626363,
          0.0,
          0.8918246909839415,
          0.8870759408407258,
          0.9293283542630886,
          1.1055444592407915
        ],
        [
          1.1664837302398703,
          0.8882917697547039,
          0.8900273770941446,
          0.8918246909839415,
          0.0,
          0.881565254967158,
          0.8891445518848278,
          1.07074855025931
        ],
        [
          0.9700496863767732,
          0.8828830740545853,
          0.8863420567937663,
          0.8870759408407258,
          0.881565254967158,
          0.0,
          0.8865200497970703,
          1.2587006430303274
        ],
        [
          0.9618498876720267,
          0.8890456978732216,
          0.9218495406191455,
          0.9293283542630886,
          0.8891445518848278,
          0.8865200497970703,
          0.0,
          1.3505709566267776
        ],
        [
          4.7885394843616575,
          1.2585156314553536,
          1.0588424858008212,
          1.1055444592407915,
          1.07074855025931,
          1.2587006430303274,
          1.3505709566267776,
          0.0
        ]
      ]
    }
  },
  "nodes": {
    "2019-nCoV/USA-WA1/2020": {
      "country": "USA",
      "country_confidence": {
        "USA": 1.0
      },
      "country_entropy": -1.000088900581841e-12
    },
    "NODE_0000000": {
      "country": "USA",
      "country_confidence": {
        "Australia": 0.19990866580930847,
        "Hong Kong": 0.07531029626552467,
        "Taiwan": 0.15431705436433282,
        "USA": 0.4540642782931405
      },
      "country_entropy": 1.556712264517937
    },
    "NODE_0000003": {
      "country": "Australia",
      "country_confidence": {
        "Australia": 0.6263668782378441,
        "Greece": 0.005334170047155729,
        "Nepal": 0.015783738465054476,
        "USA": 0.3436765800098563
      },
      "country_entropy": 0.8057889083134129
    },
    "NODE_0000004": {
      "country": "Hong Kong",
      "country_confidence": {
        "Australia": 0.10002549274913579,
        "Guam": 0.335602389957771,
        "Hong Kong": 0.3967950966234639,
        "USA": 0.11492294332140698
      },
      "country_entropy": 1.4372373301200119
    },
    "NODE_0000005": {
      "country": "USA",
      "country_confidence": {
        "Australia": 0.3346900499658643,
        "Guam": 0.09354431507045319,
        "Hong Kong": 0.12085042328631138,
        "USA": 0.35804508645128197
      },
      "country_entropy": 1.5382220757372207
    },
    "NODE_0000006": {
      "country": "USA",
      "country_confidence": {
        "Australia": 0.08336219877011304,
        "Hong Kong": 0.024616878283427082,
        "Taiwan": 0.2713719886844619,
        "USA": 0.5730459276021418
      },
      "country_entropy": 1.179205461912548
    },
    "NODE_0000007": {
      "country": "Australia",
      "country_confidence": {
        "Australia": 0.6160800327961952,
        "Hong Kong": 0.001862725067302766,
        "Nepal": 0.0029881707734927478,
        "USA": 0.37465310314215583
      },
      "country_entropy": 0.7252517737038247
    },
    "NODE_0000011": {
      "country": "USA",
      "country_confidence": {
        "Australia": 0.009670672035531892,
        "USA": 0.9882909575383475
      },
      "country_entropy": 0.07273857509551232
    },
    "NODE_0000013": {
      "country": "USA",
      "country_confidence": {
        "Australia": 0.2649705774551802,
        "Greece": 0.13373650022742112,
        "Nepal": 0.008761207105931776,
        "USA": 0.5709095388405468
      },
      "country_entropy": 1.0950493580970844
    },
    "NODE_0000014": {
      "country": "USA",
      "country_confidence": {
        "Australia": 0.06329062543193446,
        "Greece": 0.01167150057179103,
        "Taiwan": 0.0014935602625022072,
        "USA": 0.9182802097627777
      },
      "country_entropy": 0.3495160422260574
    },
    "NODE_0000015": {
      "country": "USA",
      "country_confidence": {
        "Australia": 0.02009300728968604,
        "Greece": 0.0013546562618966882,
        "USA": 0.9761111868803669
      },
      "country_entropy": 0.12963830623033082
    },
    "NODE_0000017": {
      "country": "Australia",
      "country_confidence": {
        "Australia": 0.8834096924598394,
        "Hong Kong": 0.0015822980530344488,
        "USA": 0.11421492497574745
      },
      "country_entropy": 0.37437353575693766
    },
    "NODE_0000018": {
      "country": "USA",
      "country_confidence": {
        "Australia": 0.3589236244538251,
        "USA": 0.636698181585918
      },
      "country_entropy": 0.6867665334315809
    },
    "NODE_0000019": {
      "country": "Australia",
      "country_confidence": {
        "Australia": 0.8584213088912477,
        "Guam": 0.0020546233848096535,
        "Hong Kong": 0.0673353524080526,
        "USA": 0.06574905414335519
      },
      "country_entropy": 0.5457863070159182
    },
    "NODE_0000020": {
      "country": "Australia",
      "country_confidence": {
        "Australia": 0.618595426214115,
        "USA": 0.3807023967466317
      },
      "country_entropy": 0.6710971421941356
    },
    "NODE_0000021": {
      "country": "USA",
      "country_confidence": {
        "Australia": 0.44859781193051146,
        "Hong Kong": 0.0012826630912168375,
        "USA": 0.5456963169560282
      },
      "country_entropy": 0.7297527346170174
    },
    "NODE_0000022": {
      "country": "USA",
      "country_confidence": {
        "Australia": 0.0806815316502274,
        "USA": 0.9154762868634625
      },
      "country_entropy": 0.312157869340971
    },
    "NODE_0000023": {
      "country": "USA",
      "country_confidence": {
        "Australia": 0.18517931523604514,
        "Puerto Rico": 0.0018861621035766469,
        "USA": 0.812575236419956
      },
      "country_entropy": 0.49619079604513894
    },
    "NODE_0000028": {
      "country": "USA",
      "country_confidence": {
        "Australia": 0.4235069955144242,
        "Hong Kong": 0.0012417481151628406,
        "USA": 0.570986003022542
      },
      "country_entropy": 0.7222801270907039
    },
    "NODE_0000030": {
      "country": "USA",
      "country_confidence": {
        "Australia": 0.0384656693508744,
        "USA": 0.9589694059592204
      },
      "country_entropy": 0.18534754325004413
    },
    "NODE_0000031": {
      "country": "USA",
      "country_confidence": {
        "Australia": 0.0032085254373415513,
        "USA": 0.9966412160388974
      },
      "country_entropy": 0.023363743700058125
    },
    "SARS-CoV-2/canine/HKG/20-03695/2020": {
      "country": "Hong Kong",
      "country_confidence": {
        "Hong Kong": 1.0
      },
      "country_entropy": -1.000088900581841e-12
    },
    "SARS-CoV-2/human/AUS/VIC1012/2020": {
      "country": "Australia",
      "country_confidence": {
        "Australia": 1.0
      },
      "country_entropy": -1.000088900581841e-12
    },
    "SARS-CoV-2/human/AUS/VIC1211/2020": {
      "country": "Australia",
      "country_confidence": {
        "Australia": 1.0
      },
      "country_entropy": -1.000088900581841e-12
    },
    "SARS-CoV-2/human/AUS/VIC1256/2020": {
      "country": "Australia",
      "country_confidence": {
        "Australia": 1.0
      },
      "country_entropy": -1.000088900581841e-12
    },
    "SARS-CoV-2/human/AUS/VIC38/2020": {
      "country": "Australia",
      "country_confidence": {
        "Australia": 1.0
      },
      "country_entropy": -1.000088900581841e-12
    },
    "SARS-CoV-2/human/AUS/VIC492/2020": {
      "country": "Australia",
      "country_confidence": {
        "Australia": 1.0
      },
      "country_entropy": -1.000088900581841e-12
    },
    "SARS-CoV-2/human/AUS/VIC845/2020": {
      "country": "Australia",
      "country_confidence": {
        "Australia": 1.0
      },
      "country_entropy": -1.000088900581841e-12
    },
    "SARS-CoV-2/human/GRC/145_34726/2020": {
      "country": "Greece",
      "country_confidence": {
        "Greece": 1.0
      },
      "country_entropy": -1.000088900581841e-12
    },
    "SARS-CoV-2/human/GUM/GU-NHG-01/2020": {
      "country": "Guam",
      "country_confidence": {
        "Guam": 0.9999999999999999
      },
      "country_entropy": -9.99866855976916e-13
    },
    "SARS-CoV-2/human/HKG/HKU-908b/2020": {
      "country": "Hong Kong",
      "country_confidence": {
        "Hong Kong": 1.0
      },
      "country_entropy": -1.000088900581841e-12
    },
    "SARS-CoV-2/human/NPL/61-TW/2020": {
      "country": "Nepal",
      "country_confidence": {
        "Nepal": 1.0
      },
      "country_entropy": -1.000088900581841e-12
    },
    "SARS-CoV-2/human/TWN/CGMH-CGU-11/2020": {
      "country": "Taiwan",
      "country_confidence": {
        "Taiwan": 0.9999999999999999
      },
      "country_entropy": -9.99866855976916e-13
    },
    "SARS-CoV-2/human/USA/CA-CZB-1088/2020": {
      "country": "USA",
      "country_confidence": {
        "USA": 1.0
      },
      "country_entropy": -1.000088900581841e-12
    },
    "SARS-CoV-2/human/USA/CT-UW-6385/2020": {
      "country": "USA",
      "country_confidence": {
        "USA": 1.0
      },
      "country_entropy": -1.000088900581841e-12
    },
    "SARS-CoV-2/human/USA/DC-CDC-1734/2020": {
      "country": "USA",
      "country_confidence": {
        "USA": 1.0
      },
      "country_entropy": -1.000088900581841e-12
    },
    "SARS-CoV-2/human/USA/MI-MDHHS-SC20149/2020": {
      "country": "USA",
      "country_confidence": {
        "USA": 1.0
      },
      "country_entropy": -1.000088900581841e-12
    },
    "SARS-CoV-2/human/USA/NY-PV09064/2020": {
      "country": "USA",
      "country_confidence": {
        "USA": 0.9999999999999999
      },
      "country_entropy": -9.99866855976916e-13
    },
    "SARS-CoV-2/human/USA/TX_2817/2020": {
      "country": "USA",
      "country_confidence": {
        "USA": 1.0
      },
      "country_entropy": -1.000088900581841e-12
    },
    "SARS-CoV-2/human/USA/UT-00349/2020": {
      "country": "USA",
      "country_confidence": {
        "USA": 0.9999999999999999
      },
      "country_entropy": -9.99866855976916e-13
    },
    "SARS-CoV-2/human/USA/WA-NH17/2020": {
      "country": "USA",
      "country_confidence": {
        "USA": 1.0
      },
      "country_entropy": -1.000088900581841e-12
    },
    "SARS-CoV-2/human/USA/WA-UW-1716/2020": {
      "country": "USA",
      "country_confidence": {
        "USA": 1.0
      },
      "country_entropy": -1.000088900581841e-12
    },
    "SARS-CoV-2/human/USA/WA-UW-1870/2020": {
      "country": "USA",
      "country_confidence": {
        "USA": 1.0
      },
      "country_entropy": -1.000088900581841e-12
    },
    "SARS-CoV-2/human/USA/WA-UW-3843/2020": {
      "country": "USA",
      "country_confidence": {
        "USA": 1.0
      },
      "country_entropy": -1.000088900581841e-12
    },
    "SARS-CoV-2/human/USA/WA-UW-4270/2020": {
      "country": "USA",
      "country_confidence": {
        "USA": 1.0
      },
      "country_entropy": -1.000088900581841e-12
    },
    "SARS-CoV-2/human/USA/WA-UW239/2020": {
      "country": "USA",
      "country_confidence": {
        "USA": 1.0
      },
      "country_entropy": -1.000088900581841e-12
    },
    "SARS-CoV-2/human/USA/WA-UW314/2020": {
      "country": "USA",
      "country_confidence": {
        "USA": 1.0
      },
      "country_entropy": -1.000088900581841e-12
    },
    "SARS-CoV2/human/USA/PR-CDC-S9/2020": {
      "country": "Puerto Rico",
      "country_confidence": {
        "Puerto Rico": 1.0
      },
      "country_entropy": -1.000088900581841e-12
    }
  }
}