Map from character to field name
A:	Australia
B:	Greece
C:	Guam
D:	Hong Kong
E:	Nepal
F:	Puerto Rico
G:	Taiwan
H:	USA
I:	?


Substitution rate (mu): 299.393119

Equilibrium frequencies (pi_i):
  A: 0.0842
  B: 0.1206
  C: 0.1297
  D: 0.1345
  E: 0.1252
  F: 0.1211
  G: 0.1171
  H: 0.1676

Symmetrized rates from j->i (W_ij):
	A	B	C	D	E	F	G	H
  A	0	1.0331	0.9992	1.4869	1.1665	0.97	0.9618	4.7885
  B	1.0331	0	0.8891	0.8911	0.8883	0.8829	0.889	1.2585
  C	0.9992	0.8891	0	1.2572	0.89	0.8863	0.9218	1.0588
  D	1.4869	0.8911	1.2572	0	0.8918	0.8871	0.9293	1.1055
  E	1.1665	0.8883	0.89	0.8918	0	0.8816	0.8891	1.0707
  F	0.97	0.8829	0.8863	0.8871	0.8816	0	0.8865	1.2587
  G	0.9618	0.889	0.9218	0.9293	0.8891	0.8865	0	1.3506
  H	4.7885	1.2585	1.0588	1.1055	1.0707	1.2587	1.3506	0

Actual rates from j->i (Q_ij):
	A	B	C	D	E	F	G	H
  A	0	0.087	0.0842	0.1252	0.0982	0.0817	0.081	0.4033
  B	0.1246	0	0.1072	0.1075	0.1071	0.1065	0.1072	0.1518
  C	0.1296	0.1153	0	0.1631	0.1155	0.115	0.1196	0.1374
  D	0.2	0.1198	0.1691	0	0.1199	0.1193	0.125	0.1487
  E	0.1461	0.1112	0.1114	0.1117	0	0.1104	0.1113	0.1341
  F	0.1174	0.1069	0.1073	0.1074	0.1067	0	0.1073	0.1524
  G	0.1126	0.1041	0.108	0.1088	0.1041	0.1038	0	0.1582
  H	0.8025	0.2109	0.1774	0.1853	0.1794	0.2109	0.2263	0
